21.00
21.10
21.20
21.30
21.40
21.50
21.60
21.70
21.80
21.90
22.00
22.10
22.20
22.30
22.40
22.50
22.60
22.70
22.80
22.90
23.00
23.10
23.20
23.30
23.40
23.50
23.60
23.70
23.80
23.90
24.00
24.10
24.20
24.30
24.40
24.50
24.60
24.70
24.80
24.90
25.00
 0.00
 0.10
 0.16
 0.25
 0.40
 0.63
 1.00
 0.000
 0.000
 0.001
 0.001
 0.001
 0.001
 0.001
 0.002
 0.002
 0.003
 0.003
 0.004
 0.005
 0.007
 0.008
 0.011
 0.013
 0.017
 0.021
 0.026
 0.032
 0.043
 0.054
 0.067
 0.082
 0.098
 0.130
 0.163
 0.199
 0.239
 0.281
 0.354
 0.414
 0.453
 0.455
 0.402
 0.066
 0.557
 1.355
 2.283
 3.324
 0.001
 0.001
 0.001
 0.001
 0.002
 0.002
 0.003
 0.004
 0.004
 0.006
 0.007
 0.009
 0.011
 0.014
 0.017
 0.022
 0.027
 0.034
 0.042
 0.052
 0.065
 0.082
 0.102
 0.124
 0.150
 0.177
 0.224
 0.272
 0.324
 0.381
 0.442
 0.543
 0.633
 0.705
 0.748
 0.754
 0.461
 0.102
 0.807
 1.610
 2.488
 0.001
 0.001
 0.001
 0.002
 0.002
 0.003
 0.004
 0.005
 0.006
 0.007
 0.009
 0.012
 0.014
 0.018
 0.023
 0.028
 0.035
 0.044
 0.054
 0.067
 0.082
 0.103
 0.127
 0.153
 0.183
 0.216
 0.268
 0.322
 0.382
 0.446
 0.515
 0.629
 0.735
 0.827
 0.896
 0.940
 0.681
 0.158
 0.490
 1.218
 2.000
 0.001
 0.002
 0.002
 0.003
 0.003
 0.004
 0.005
 0.006
 0.008
 0.010
 0.012
 0.016
 0.020
 0.024
 0.031
 0.038
 0.047
 0.058
 0.072
 0.088
 0.108
 0.134
 0.163
 0.195
 0.230
 0.269
 0.329
 0.391
 0.460
 0.535
 0.616
 0.750
 0.879
 1.002
 1.114
 1.215
 1.018
 0.565
 0.009
 0.599
 1.230
 0.002
 0.002
 0.003
 0.004
 0.005
 0.006
 0.007
 0.009
 0.011
 0.014
 0.018
 0.022
 0.028
 0.034
 0.043
 0.053
 0.066
 0.081
 0.099
 0.120
 0.145
 0.177
 0.212
 0.251
 0.294
 0.340
 0.410
 0.484
 0.566
 0.657
 0.757
 0.920
 1.085
 1.256
 1.431
 1.616
 1.529
 1.197
 0.792
 0.374
 0.017
 0.003
 0.003
 0.004
 0.005
 0.007
 0.008
 0.011
 0.013
 0.016
 0.021
 0.026
 0.032
 0.040
 0.050
 0.061
 0.076
 0.093
 0.113
 0.137
 0.164
 0.195
 0.235
 0.277
 0.325
 0.376
 0.433
 0.517
 0.608
 0.710
 0.825
 0.955
 1.160
 1.380
 1.620
 1.885
 2.183
 2.290
 2.170
 2.009
 1.891
 1.873
 0.004
 0.005
 0.006
 0.008
 0.010
 0.013
 0.016
 0.020
 0.025
 0.031
 0.038
 0.047
 0.059
 0.072
 0.089
 0.108
 0.131
 0.158
 0.188
 0.223
 0.262
 0.310
 0.362
 0.421
 0.485
 0.558
 0.663
 0.778
 0.911
 1.063
 1.239
 1.506
 1.803
 2.138
 2.521
 2.964
 3.380
 3.624
 3.847
 4.174
 4.693
