0 0.010000 99.000000 0.017817 0.000000
1 0.050000 19.000000 0.199187 0.181371
2 0.062500 15.000000 0.278358 0.079171
3 0.064078 14.605907 0.288966 0.010608
4 0.065657 14.230761 0.299705 0.010739
5 0.067235 13.873250 0.310573 0.010868
6 0.068813 13.532117 0.321569 0.010997
7 0.070391 13.206281 0.332693 0.011123
8 0.071970 12.894736 0.343941 0.011248
9 0.073548 12.596563 0.355312 0.011372
10 0.075126 12.310918 0.366807 0.011494
11 0.076704 12.037045 0.378421 0.011614
12 0.078283 11.774198 0.390156 0.011735
13 0.079861 11.521741 0.402009 0.011853
14 0.081439 11.279069 0.413979 0.011970
15 0.083018 11.045624 0.426066 0.012086
16 0.084596 10.820890 0.438267 0.012201
17 0.086174 10.604401 0.450581 0.012314
18 0.087752 10.395687 0.463009 0.012428
19 0.089331 10.194347 0.475549 0.012540
20 0.090909 9.999999 0.488199 0.012650
21 0.092424 9.819677 0.500446 0.012247
22 0.093939 9.645161 0.512793 0.012348
23 0.095454 9.476195 0.525240 0.012446
24 0.096970 9.312500 0.537785 0.012546
25 0.098485 9.153851 0.550427 0.012642
26 0.100000 9.000000 0.563168 0.012740
27 0.101587 8.843750 0.576617 0.013449
28 0.103175 8.692308 0.590171 0.013554
29 0.104762 8.545455 0.603829 0.013658
30 0.106349 8.402986 0.617589 0.013761
31 0.107936 8.264707 0.631452 0.013863
32 0.109524 8.130436 0.645416 0.013964
33 0.111111 8.000001 0.659480 0.014064
34 0.112847 7.861540 0.674978 0.015497
35 0.114583 7.727275 0.690593 0.015615
36 0.116319 7.597018 0.706326 0.015733
37 0.118056 7.470585 0.722176 0.015850
38 0.119792 7.347824 0.738140 0.015964
39 0.121528 7.228570 0.754219 0.016079
40 0.123264 7.112675 0.770412 0.016193
41 0.125000 7.000000 0.786717 0.016305
42 0.126623 6.897434 0.802065 0.015348
43 0.128247 6.797466 0.817510 0.015445
44 0.129870 6.700002 0.833051 0.015541
45 0.131493 6.604939 0.848688 0.015637
46 0.133117 6.512194 0.864420 0.015732
47 0.134740 6.421685 0.880247 0.015827
48 0.136364 6.333335 0.896167 0.015920
49 0.137987 6.247060 0.912180 0.016014
50 0.139610 6.162790 0.928287 0.016106
51 0.141234 6.080458 0.944485 0.016198
52 0.142857 6.000002 0.960773 0.016288
53 0.144444 5.923079 0.976788 0.016015
54 0.146032 5.847828 0.992888 0.016101
55 0.147619 5.774196 1.009075 0.016186
56 0.149206 5.702130 1.025346 0.016271
57 0.150794 5.631577 1.041703 0.016357
58 0.152381 5.562498 1.058143 0.016440
59 0.153968 5.494843 1.074666 0.016523
60 0.155556 5.428570 1.091272 0.016606
61 0.157143 5.363635 1.107961 0.016689
62 0.158730 5.299998 1.124731 0.016770
63 0.160317 5.237622 1.141583 0.016852
64 0.161905 5.176469 1.158516 0.016933
65 0.163492 5.116504 1.175529 0.017013
66 0.165079 5.057691 1.192622 0.017093
67 0.166667 4.999999 1.209794 0.017172
68 0.168254 4.943395 1.227046 0.017251
69 0.169841 4.887849 1.244376 0.017330
70 0.171429 4.833332 1.261784 0.017408
71 0.173016 4.779816 1.279269 0.017485
72 0.174603 4.727272 1.296832 0.017563
73 0.176190 4.675675 1.314471 0.017639
74 0.177778 4.624999 1.332186 0.017715
75 0.179365 4.575221 1.349977 0.017791
76 0.180952 4.526315 1.367844 0.017866
77 0.182540 4.478260 1.385785 0.017941
78 0.184127 4.431034 1.403800 0.018016
79 0.185714 4.384615 1.421890 0.018090
80 0.187302 4.338983 1.440053 0.018163
81 0.188889 4.294117 1.458290 0.018236
82 0.190476 4.250000 1.476598 0.018309
83 0.192063 4.206611 1.494980 0.018381
84 0.193651 4.163934 1.513433 0.018453
85 0.195238 4.121951 1.531957 0.018525
86 0.196825 4.080645 1.550553 0.018596
87 0.198413 4.040000 1.569219 0.018666
88 0.200000 4.000000 1.587956 0.018736
89 0.201562 3.961240 1.606467 0.018512
90 0.203125 3.923077 1.625047 0.018579
91 0.204687 3.885496 1.643692 0.018646
92 0.206250 3.848485 1.662405 0.018712
93 0.207812 3.812030 1.681184 0.018779
94 0.209375 3.776119 1.700028 0.018844
95 0.210937 3.740741 1.718938 0.018910
96 0.212500 3.705882 1.737912 0.018975
97 0.214062 3.671533 1.756952 0.019039
98 0.215625 3.637681 1.776055 0.019104
99 0.217187 3.604317 1.795223 0.019167
100 0.218750 3.571429 1.814454 0.019231
101 0.220312 3.539007 1.833748 0.019294
102 0.221875 3.507042 1.853105 0.019357
103 0.223437 3.475524 1.872524 0.019419
104 0.225000 3.444444 1.892006 0.019482
105 0.226562 3.413793 1.911549 0.019543
106 0.228125 3.383562 1.931154 0.019605
107 0.229687 3.353742 1.950820 0.019666
108 0.231250 3.324324 1.970546 0.019726
109 0.232812 3.295302 1.990333 0.019787
110 0.234375 3.266667 2.010179 0.019847
111 0.235937 3.238411 2.030086 0.019906
112 0.237500 3.210526 2.050051 0.019966
113 0.239062 3.183007 2.070076 0.020025
114 0.240625 3.155844 2.090159 0.020083
115 0.242187 3.129032 2.110301 0.020141
116 0.243750 3.102564 2.130500 0.020199
117 0.245312 3.076433 2.150757 0.020257
118 0.246875 3.050633 2.171071 0.020314
119 0.248437 3.025157 2.191442 0.020371
120 0.250000 3.000000 2.211870 0.020428
121 0.251603 2.974522 2.232880 0.021010
122 0.253205 2.949368 2.253948 0.021068
123 0.254808 2.924528 2.275075 0.021127
124 0.256410 2.899999 2.296261 0.021186
125 0.258013 2.875777 2.317503 0.021242
126 0.259615 2.851852 2.338803 0.021301
127 0.261218 2.828222 2.360160 0.021356
128 0.262820 2.804878 2.381574 0.021414
129 0.264423 2.781818 2.403044 0.021471
130 0.266026 2.759037 2.424569 0.021525
131 0.267628 2.736527 2.446152 0.021582
132 0.269231 2.714285 2.467789 0.021637
133 0.270833 2.692308 2.489480 0.021691
134 0.272436 2.670588 2.511226 0.021747
135 0.274038 2.649122 2.533027 0.021801
136 0.275641 2.627907 2.554880 0.021853
137 0.277244 2.606936 2.576789 0.021908
138 0.278846 2.586206 2.598750 0.021961
139 0.280449 2.565715 2.620763 0.022013
140 0.282051 2.545454 2.642829 0.022067
141 0.283654 2.525424 2.664946 0.022117
142 0.285256 2.505618 2.687117 0.022170
143 0.286859 2.486033 2.709339 0.022222
144 0.288461 2.466667 2.731610 0.022271
145 0.290064 2.447514 2.753934 0.022324
146 0.291667 2.428571 2.776308 0.022374
147 0.293269 2.409836 2.798730 0.022423
148 0.294872 2.391304 2.821204 0.022474
149 0.296474 2.372973 2.843727 0.022523
150 0.298077 2.354839 2.866298 0.022571
151 0.299679 2.336898 2.888918 0.022621
152 0.301282 2.319148 2.911587 0.022669
153 0.302885 2.301587 2.934303 0.022716
154 0.304487 2.284210 2.957068 0.022765
155 0.306090 2.267016 2.979879 0.022811
156 0.307692 2.250000 3.002738 0.022859
157 0.309295 2.233160 3.025643 0.022906
158 0.310897 2.216495 3.048594 0.022951
159 0.312500 2.200000 3.071592 0.022998
160 0.314103 2.183673 3.094636 0.023044
161 0.315705 2.167513 3.117723 0.023088
162 0.317308 2.151515 3.140857 0.023134
163 0.318910 2.135678 3.164036 0.023179
164 0.320513 2.120000 3.187258 0.023222
165 0.322115 2.104477 3.210525 0.023267
166 0.323718 2.089109 3.233834 0.023309
167 0.325320 2.073892 3.257188 0.023354
168 0.326923 2.058823 3.280585 0.023397
169 0.328526 2.043903 3.304023 0.023438
170 0.330128 2.029126 3.327505 0.023482
171 0.331731 2.014492 3.351029 0.023524
172 0.333333 2.000000 3.374593 0.023564
173 0.334921 1.985782 3.397975 0.023382
174 0.336508 1.971698 3.421397 0.023422
175 0.338095 1.957747 3.444858 0.023462
176 0.339682 1.943926 3.468360 0.023501
177 0.341270 1.930233 3.491900 0.023541
178 0.342857 1.916667 3.515480 0.023580
179 0.344444 1.903226 3.539098 0.023618
180 0.346032 1.889909 3.562755 0.023657
181 0.347619 1.876713 3.586450 0.023695
182 0.349206 1.863637 3.610182 0.023732
183 0.350794 1.850678 3.633953 0.023771
184 0.352381 1.837837 3.657760 0.023807
185 0.353968 1.825112 3.681604 0.023844
186 0.355556 1.812500 3.705484 0.023880
187 0.357143 1.800000 3.729400 0.023916
188 0.358730 1.787610 3.753353 0.023952
189 0.360317 1.775330 3.777340 0.023988
190 0.361905 1.763158 3.801363 0.024023
191 0.363492 1.751091 3.825421 0.024058
192 0.365079 1.739130 3.849514 0.024092
193 0.366667 1.727272 3.873640 0.024127
194 0.368254 1.715517 3.897801 0.024161
195 0.369841 1.703862 3.921995 0.024194
196 0.371429 1.692307 3.946223 0.024228
197 0.373016 1.680851 3.970484 0.024261
198 0.374603 1.669491 3.994778 0.024294
199 0.376190 1.658228 4.019104 0.024326
200 0.377778 1.647059 4.043462 0.024358
201 0.379365 1.635983 4.067852 0.024390
202 0.380952 1.625000 4.092273 0.024422
203 0.382540 1.614108 4.116726 0.024453
204 0.384127 1.603306 4.141210 0.024484
205 0.385714 1.592593 4.165724 0.024514
206 0.387302 1.581967 4.190269 0.024545
207 0.388889 1.571429 4.214843 0.024575
208 0.390476 1.560976 4.239448 0.024604
209 0.392063 1.550607 4.264081 0.024634
210 0.393651 1.540323 4.288744 0.024663
211 0.395238 1.530120 4.313436 0.024692
212 0.396825 1.520000 4.338156 0.024720
213 0.398413 1.509960 4.362904 0.024748
214 0.400000 1.500000 4.387681 0.024776
215 0.401587 1.490119 4.412485 0.024804
216 0.403175 1.480315 4.437316 0.024831
217 0.404762 1.470588 4.462174 0.024858
218 0.406349 1.460938 4.487059 0.024885
219 0.407936 1.451362 4.511970 0.024911
220 0.409524 1.441861 4.536908 0.024937
221 0.411111 1.432433 4.561871 0.024963
222 0.412698 1.423077 4.586860 0.024989
223 0.414286 1.413793 4.611874 0.025014
224 0.415873 1.404580 4.636913 0.025039
225 0.417460 1.395437 4.661976 0.025064
226 0.419048 1.386364 4.687064 0.025088
227 0.420635 1.377359 4.712176 0.025112
228 0.422222 1.368421 4.737312 0.025136
229 0.423809 1.359551 4.762472 0.025159
230 0.425397 1.350746 4.787654 0.025183
231 0.426984 1.342008 4.812860 0.025205
232 0.428571 1.333333 4.838088 0.025228
233 0.430159 1.324723 4.863338 0.025250
234 0.431746 1.316177 4.888611 0.025273
235 0.433333 1.307692 4.913905 0.025294
236 0.434921 1.299270 4.939221 0.025316
237 0.436508 1.290909 4.964558 0.025337
238 0.438095 1.282609 4.989915 0.025358
239 0.439682 1.274368 5.015294 0.025378
240 0.441270 1.266187 5.040693 0.025399
241 0.442857 1.258065 5.066112 0.025419
242 0.444444 1.250000 5.091550 0.025439
243 0.446032 1.241993 5.117008 0.025458
244 0.447619 1.234043 5.142486 0.025477
245 0.449206 1.226149 5.167982 0.025496
246 0.450794 1.218310 5.193499 0.025517
247 0.452381 1.210526 5.219032 0.025533
248 0.453968 1.202797 5.244584 0.025552
249 0.455556 1.195122 5.270153 0.025569
250 0.457143 1.187500 5.295740 0.025587
251 0.458730 1.179931 5.321344 0.025604
252 0.460317 1.172414 5.346966 0.025621
253 0.461905 1.164948 5.372604 0.025638
254 0.463492 1.157534 5.398258 0.025654
255 0.465079 1.150170 5.423929 0.025671
256 0.466667 1.142857 5.449615 0.025687
257 0.468254 1.135593 5.475318 0.025702
258 0.469841 1.128378 5.501035 0.025718
259 0.471429 1.121212 5.526768 0.025733
260 0.473016 1.114094 5.552516 0.025748
261 0.474603 1.107023 5.578278 0.025762
262 0.476190 1.100000 5.604055 0.025777
263 0.477778 1.093023 5.629845 0.025791
264 0.479365 1.086093 5.655650 0.025804
265 0.480952 1.079208 5.681468 0.025818
266 0.482540 1.072368 5.707299 0.025831
267 0.484127 1.065574 5.733143 0.025844
268 0.485714 1.058823 5.759000 0.025857
269 0.487302 1.052117 5.784870 0.025870
270 0.488889 1.045455 5.810752 0.025882
271 0.490476 1.038835 5.836645 0.025894
272 0.492063 1.032258 5.862551 0.025906
273 0.493651 1.025723 5.888468 0.025917
274 0.495238 1.019231 5.914396 0.025928
275 0.496825 1.012780 5.940336 0.025939
276 0.498413 1.006369 5.966285 0.025950
277 0.500000 1.000000 5.992246 0.025960
278 0.501592 0.993651 6.018300 0.026054
279 0.503185 0.987342 6.044362 0.026062
280 0.504777 0.981072 6.070436 0.026074
281 0.506369 0.974843 6.096518 0.026082
282 0.507962 0.968652 6.122611 0.026093
283 0.509554 0.962500 6.148711 0.026100
284 0.511146 0.956386 6.174821 0.026111
285 0.512739 0.950310 6.200941 0.026119
286 0.514331 0.944272 6.227066 0.026126
287 0.515924 0.938271 6.253202 0.026135
288 0.517516 0.932308 6.279343 0.026142
289 0.519108 0.926380 6.305494 0.026151
290 0.520701 0.920489 6.331651 0.026156
291 0.522293 0.914634 6.357816 0.026165
292 0.523885 0.908814 6.383988 0.026172
293 0.525478 0.903030 6.410165 0.026177
294 0.527070 0.897281 6.436350 0.026185
295 0.528662 0.891566 6.462540 0.026190
296 0.530255 0.885886 6.488737 0.026197
297 0.531847 0.880240 6.514938 0.026201
298 0.533439 0.874627 6.541146 0.026208
299 0.535032 0.869048 6.567358 0.026212
300 0.536624 0.863502 6.593577 0.026219
301 0.538217 0.857988 6.619800 0.026223
302 0.539809 0.852507 6.646026 0.026226
303 0.541401 0.847059 6.672258 0.026232
304 0.542994 0.841642 6.698493 0.026234
305 0.544586 0.836257 6.724733 0.026240
306 0.546178 0.830904 6.750975 0.026242
307 0.547771 0.825581 6.777222 0.026247
308 0.549363 0.820290 6.803472 0.026250
309 0.550955 0.815029 6.829723 0.026252
310 0.552548 0.809798 6.855979 0.026256
311 0.554140 0.804598 6.882236 0.026257
312 0.555732 0.799427 6.908497 0.026261
313 0.557325 0.794286 6.934758 0.026261
314 0.558917 0.789174 6.961023 0.026265
315 0.560510 0.784091 6.987289 0.026266
316 0.562102 0.779037 7.013555 0.026266
317 0.563694 0.774011 7.039824 0.026269
318 0.565287 0.769014 7.066093 0.026269
319 0.566879 0.764045 7.092364 0.026271
320 0.568471 0.759104 7.118634 0.026270
321 0.570064 0.754190 7.144906 0.026272
322 0.571656 0.749303 7.171178 0.026272
323 0.573248 0.744444 7.197449 0.026271
324 0.574841 0.739612 7.223721 0.026272
325 0.576433 0.734807 7.249990 0.026270
326 0.578025 0.730027 7.276261 0.026271
327 0.579618 0.725275 7.302530 0.026269
328 0.581210 0.720548 7.328799 0.026269
329 0.582802 0.715847 7.355065 0.026266
330 0.584395 0.711172 7.381332 0.026267
331 0.585987 0.706522 7.407597 0.026265
332 0.587580 0.701897 7.433859 0.026261
333 0.589172 0.697297 7.460120 0.026261
334 0.590764 0.692722 7.486377 0.026257
335 0.592357 0.688172 7.512634 0.026257
336 0.593949 0.683646 7.538886 0.026252
337 0.595541 0.679144 7.565138 0.026251
338 0.597134 0.674667 7.591386 0.026248
339 0.598726 0.670213 7.617630 0.026244
340 0.600318 0.665782 7.643872 0.026242
341 0.601911 0.661376 7.670109 0.026237
342 0.603503 0.656992 7.696344 0.026235
343 0.605095 0.652632 7.722573 0.026229
344 0.606688 0.648294 7.748800 0.026227
345 0.608280 0.643979 7.775023 0.026223
346 0.609873 0.639687 7.801240 0.026217
347 0.611465 0.635417 7.827453 0.026214
348 0.613057 0.631169 7.853661 0.026208
349 0.614650 0.626943 7.879865 0.026204
350 0.616242 0.622739 7.906062 0.026197
351 0.617834 0.618557 7.932256 0.026194
352 0.619427 0.614396 7.958445 0.026188
353 0.621019 0.610256 7.984626 0.026181
354 0.622611 0.606138 8.010803 0.026177
355 0.624204 0.602041 8.036972 0.026170
356 0.625796 0.597964 8.063137 0.026165
357 0.627388 0.593909 8.089295 0.026157
358 0.628981 0.589873 8.115447 0.026152
359 0.630573 0.585859 8.141591 0.026144
360 0.632166 0.581864 8.167730 0.026139
361 0.633758 0.577889 8.193862 0.026132
362 0.635350 0.573935 8.219985 0.026123
363 0.636943 0.570000 8.246103 0.026118
364 0.638535 0.566085 8.272212 0.026109
365 0.640127 0.562189 8.298314 0.026103
366 0.641720 0.558313 8.324408 0.026093
367 0.643312 0.554455 8.350495 0.026087
368 0.644904 0.550617 8.376574 0.026079
369 0.646497 0.546798 8.402644 0.026069
370 0.648089 0.542997 8.428706 0.026063
371 0.649681 0.539216 8.454759 0.026053
372 0.651274 0.535452 8.480805 0.026046
373 0.652866 0.531707 8.506840 0.026035
374 0.654459 0.527981 8.532868 0.026028
375 0.656051 0.524272 8.558887 0.026019
376 0.657643 0.520581 8.584895 0.026008
377 0.659236 0.516908 8.610895 0.026000
378 0.660828 0.513253 8.636884 0.025989
379 0.662420 0.509615 8.662866 0.025981
380 0.664013 0.505995 8.688836 0.025970
381 0.665605 0.502392 8.714797 0.025962
382 0.667197 0.498807 8.740749 0.025952
383 0.668790 0.495238 8.766688 0.025940
384 0.670382 0.491686 8.792620 0.025931
385 0.671974 0.488152 8.818539 0.025919
386 0.673567 0.484634 8.844449 0.025910
387 0.675159 0.481132 8.870346 0.025898
388 0.676752 0.477647 8.896235 0.025889
389 0.678344 0.474179 8.922111 0.025876
390 0.679936 0.470726 8.947977 0.025866
391 0.681529 0.467290 8.973832 0.025855
392 0.683121 0.463870 8.999675 0.025842
393 0.684713 0.460465 9.025507 0.025832
394 0.686306 0.457077 9.051326 0.025819
395 0.687898 0.453704 9.077135 0.025809
396 0.689490 0.450347 9.102931 0.025796
397 0.691083 0.447005 9.128716 0.025785
398 0.692675 0.443678 9.154489 0.025773
399 0.694267 0.440367 9.180248 0.025759
400 0.695860 0.437071 9.205997 0.025749
401 0.697452 0.433790 9.231732 0.025735
402 0.699045 0.430524 9.257455 0.025724
403 0.700637 0.427273 9.283164 0.025709
404 0.702229 0.424036 9.308863 0.025698
405 0.703822 0.420814 9.334548 0.025685
406 0.705414 0.417607 9.360218 0.025671
407 0.707006 0.414414 9.385877 0.025659
408 0.708599 0.411236 9.411522 0.025644
409 0.710191 0.408072 9.437154 0.025632
410 0.711783 0.404922 9.462772 0.025617
411 0.713376 0.401786 9.488377 0.025605
412 0.714968 0.398664 9.513969 0.025592
413 0.716560 0.395556 9.539545 0.025576
414 0.718153 0.392461 9.565109 0.025564
415 0.719745 0.389381 9.590658 0.025549
416 0.721338 0.386313 9.616194 0.025536
417 0.722930 0.383260 9.641714 0.025520
418 0.724522 0.380220 9.667222 0.025508
419 0.726115 0.377193 9.692713 0.025492
420 0.727707 0.374179 9.718192 0.025479
421 0.729299 0.371179 9.743656 0.025464
422 0.730892 0.368192 9.769104 0.025448
423 0.732484 0.365217 9.794539 0.025435
424 0.734076 0.362256 9.819957 0.025418
425 0.735669 0.359307 9.845362 0.025405
426 0.737261 0.356372 9.870750 0.025388
427 0.738853 0.353448 9.896125 0.025375
428 0.740446 0.350538 9.921484 0.025359
429 0.742038 0.347640 9.946827 0.025342
430 0.743631 0.344754 9.972156 0.025329
431 0.745223 0.341880 9.997467 0.025312
432 0.746815 0.339019 10.022765 0.025298
433 0.748408 0.336170 10.048045 0.025280
434 0.750000 0.333333 10.073311 0.025266
435 0.751592 0.330508 10.098562 0.025250
436 0.753185 0.327696 10.123795 0.025233
437 0.754777 0.324894 10.149013 0.025218
438 0.756369 0.322105 10.174214 0.025201
439 0.757962 0.319328 10.199400 0.025186
440 0.759554 0.316562 10.224568 0.025168
441 0.761146 0.313808 10.249722 0.025153
442 0.762739 0.311065 10.274859 0.025137
443 0.764331 0.308333 10.299978 0.025119
444 0.765924 0.305613 10.325082 0.025104
445 0.767516 0.302905 10.350168 0.025086
446 0.769108 0.300207 10.375238 0.025071
447 0.770701 0.297521 10.400291 0.025052
448 0.772293 0.294845 10.425328 0.025037
449 0.773885 0.292181 10.450348 0.025020
450 0.775478 0.289528 10.475349 0.025002
451 0.777070 0.286885 10.500335 0.024986
452 0.778662 0.284254 10.525303 0.024967
453 0.780255 0.281633 10.550254 0.024952
454 0.781847 0.279022 10.575187 0.024933
455 0.783439 0.276423 10.600104 0.024917
456 0.785032 0.273834 10.625002 0.024898
457 0.786624 0.271255 10.649884 0.024882
458 0.788217 0.268687 10.674749 0.024865
459 0.789809 0.266129 10.699594 0.024845
460 0.791401 0.263581 10.724423 0.024829
461 0.792994 0.261044 10.749233 0.024810
462 0.794586 0.258517 10.774027 0.024794
463 0.796178 0.256000 10.798801 0.024774
464 0.797771 0.253493 10.823559 0.024758
465 0.799363 0.250996 10.848299 0.024740
466 0.800955 0.248509 10.873019 0.024720
467 0.802548 0.246032 10.897723 0.024704
468 0.804140 0.243564 10.922407 0.024684
469 0.805732 0.241107 10.947075 0.024667
470 0.807325 0.238659 10.971722 0.024648
471 0.808917 0.236220 10.996353 0.024631
472 0.810510 0.233792 11.020965 0.024612
473 0.812102 0.231373 11.045558 0.024592
474 0.813694 0.228963 11.070133 0.024575
475 0.815287 0.226563 11.094689 0.024555
476 0.816879 0.224172 11.119227 0.024538
477 0.818471 0.221790 11.143745 0.024518
478 0.820064 0.219417 11.168246 0.024501
479 0.821656 0.217054 11.192728 0.024482
480 0.823248 0.214700 11.217190 0.024462
481 0.824841 0.212355 11.241635 0.024445
482 0.826433 0.210019 11.266059 0.024424
483 0.828025 0.207692 11.290466 0.024407
484 0.829618 0.205374 11.314852 0.024386
485 0.831210 0.203065 11.339221 0.024369
486 0.832802 0.200765 11.363569 0.024348
487 0.834395 0.198473 11.387899 0.024331
488 0.835987 0.196190 11.412211 0.024311
489 0.837580 0.193916 11.436501 0.024291
490 0.839172 0.191651 11.460774 0.024273
491 0.840764 0.189394 11.485026 0.024252
492 0.842357 0.187146 11.509261 0.024234
493 0.843949 0.184906 11.533474 0.024213
494 0.845541 0.182674 11.557670 0.024196
495 0.847134 0.180451 11.581846 0.024176
496 0.848726 0.178236 11.606001 0.024155
497 0.850318 0.176030 11.630138 0.024137
498 0.851911 0.173832 11.654254 0.024116
499 0.853503 0.171642 11.678352 0.024098
500 0.855095 0.169460 11.702429 0.024077
501 0.856688 0.167286 11.726487 0.024059
502 0.858280 0.165121 11.750526 0.024039
503 0.859873 0.162963 11.774544 0.024018
504 0.861465 0.160813 11.798543 0.023999
505 0.863057 0.158672 11.822521 0.023978
506 0.864650 0.156538 11.846481 0.023960
507 0.866242 0.154412 11.870419 0.023938
508 0.867834 0.152294 11.894339 0.023920
509 0.869427 0.150183 11.918239 0.023900
510 0.871019 0.148080 11.942118 0.023879
511 0.872611 0.145985 11.965978 0.023860
512 0.874204 0.143898 11.989816 0.023839
513 0.875796 0.141818 12.013636 0.023820
514 0.877388 0.139746 12.037435 0.023798
515 0.878981 0.137681 12.061214 0.023780
516 0.880573 0.135624 12.084973 0.023758
517 0.882166 0.133574 12.108712 0.023739
518 0.883758 0.131531 12.132431 0.023719
519 0.885350 0.129496 12.156129 0.023698
520 0.886943 0.127469 12.179808 0.023679
521 0.888535 0.125448 12.203465 0.023657
522 0.890127 0.123435 12.227103 0.023638
523 0.891720 0.121429 12.250720 0.023616
524 0.893312 0.119430 12.274317 0.023598
525 0.894904 0.117438 12.297894 0.023577
526 0.896497 0.115453 12.321450 0.023555
527 0.898089 0.113475 12.344986 0.023536
528 0.899681 0.111504 12.368501 0.023515
529 0.901274 0.109541 12.391997 0.023496
530 0.902866 0.107584 12.415470 0.023474
531 0.904459 0.105634 12.438925 0.023455
532 0.906051 0.103691 12.462359 0.023434
533 0.907643 0.101754 12.485771 0.023412
534 0.909236 0.099825 12.509164 0.023393
535 0.910828 0.097902 12.532536 0.023371
536 0.912420 0.095986 12.555888 0.023352
537 0.914013 0.094077 12.579218 0.023330
538 0.915605 0.092174 12.602528 0.023311
539 0.917197 0.090278 12.625818 0.023290
540 0.918790 0.088388 12.649087 0.023268
541 0.920382 0.086505 12.672335 0.023249
542 0.921974 0.084629 12.695562 0.023227
543 0.923567 0.082759 12.718770 0.023208
544 0.925159 0.080895 12.741955 0.023185
545 0.926752 0.079038 12.765121 0.023166
546 0.928344 0.077187 12.788265 0.023144
547 0.929936 0.075342 12.811390 0.023125
548 0.931529 0.073504 12.834494 0.023104
549 0.933121 0.071672 12.857575 0.023082
550 0.934713 0.069847 12.880638 0.023062
551 0.936306 0.068027 12.903678 0.023040
552 0.937898 0.066214 12.926699 0.023021
553 0.939490 0.064407 12.949697 0.022999
554 0.941083 0.062606 12.972677 0.022979
555 0.942675 0.060811 12.995635 0.022958
556 0.944267 0.059022 13.018571 0.022936
557 0.945860 0.057239 13.041488 0.022917
558 0.947452 0.055462 13.064382 0.022894
559 0.949045 0.053691 13.087258 0.022875
560 0.950637 0.051926 13.110110 0.022853
561 0.952229 0.050167 13.132943 0.022833
562 0.953822 0.048414 13.155756 0.022813
563 0.955414 0.046667 13.178546 0.022790
564 0.957006 0.044925 13.201317 0.022771
565 0.958599 0.043189 13.224065 0.022748
566 0.960191 0.041459 13.246794 0.022729
567 0.961783 0.039735 13.269501 0.022707
568 0.963376 0.038017 13.292188 0.022687
569 0.964968 0.036304 13.314854 0.022666
570 0.966560 0.034596 13.337498 0.022644
571 0.968153 0.032895 13.360122 0.022624
572 0.969745 0.031199 13.382724 0.022602
573 0.971338 0.029508 13.405306 0.022582
574 0.972930 0.027823 13.427866 0.022560
575 0.974522 0.026144 13.450407 0.022541
576 0.976115 0.024470 13.472925 0.022518
577 0.977707 0.022801 13.495424 0.022499
578 0.979299 0.021138 13.517902 0.022478
579 0.980892 0.019481 13.540357 0.022456
580 0.982484 0.017828 13.562793 0.022436
581 0.984076 0.016181 13.585207 0.022414
582 0.985669 0.014540 13.607601 0.022394
583 0.987261 0.012903 13.629973 0.022372
584 0.988853 0.011272 13.652325 0.022352
585 0.990446 0.009646 13.674656 0.022331
586 0.992038 0.008026 13.696965 0.022309
587 0.993631 0.006410 13.719254 0.022289
588 0.995223 0.004800 13.741521 0.022267
589 0.996815 0.003195 13.763769 0.022248
590 0.998408 0.001595 13.785994 0.022225
591 0.998567 0.001435 13.788216 0.002222
592 0.998726 0.001276 13.790437 0.002221
593 0.998885 0.001116 13.792659 0.002222
594 0.999045 0.000956 13.794879 0.002220
595 0.999204 0.000797 13.797100 0.002220
596 0.999363 0.000637 13.799321 0.002221
597 0.999522 0.000478 13.801540 0.002220
598 0.999681 0.000319 13.803760 0.002219
599 0.999841 0.000159 13.805981 0.002221
600 1.000000 0.000000 13.808200 0.002219
