 2.1132
 2.1092
 2.1052
 2.1012
 2.0972
 2.0932
 2.0892
 2.0852
 2.0812
 2.0772
 2.0732
 2.0692
 2.0652
 2.0612
 2.0572
 2.0532
 2.0492
 2.0452
 2.0412
 2.0372
 2.0332
 2.0292
 2.0252
 2.0212
 2.0172
 2.0132
 2.0092
 2.0052
 2.0012
 1.9972
 1.9932
 1.9892
 1.9852
 1.9812
 1.9772
 1.9732
 1.9692
 1.9652
 1.9611
 1.9571
 1.9531
 1.9491
 1.9452
 1.9412
 1.9372
 1.9332
 1.9292
 1.9252
 1.9212
 1.9172
 1.9132
 1.9092
 1.9052
 1.9012
 1.8971
 1.8931
 1.8894
 1.8854
 1.8814
 1.8774
 1.8734
 1.8694
 1.8654
 1.8614
 1.8574
 1.8534
 1.8495
 1.8455
 1.8415
 1.8374
 1.8334
 1.8294
 1.8253
 1.8213
 1.8172
 1.8132
 1.8091
 1.8050
 1.8009
 1.7968
 1.7927
 1.7885
 1.7843
 1.7803
 1.7761
 1.7718
 1.7675
 1.7631
 1.7587
 1.7547
 1.7502
 1.7457
 1.7410
 1.7363
 1.7314
 1.7266
 1.7215
 1.7163
 1.7109
 1.7053
 1.6999
 1.6940
 1.6878
 1.6814
 1.6747
 1.6677
 1.6604
 1.6527
 1.6451
 1.6369
 1.6283
 1.6194
 1.6342
 1.6266
 1.6188
 1.6113
 1.6036
 1.5950
 1.5861
 1.5763
 1.5655
 1.5530
 1.5391
 1.5253
 1.5116
 1.4968
 1.4808
 1.4635
 1.4451
 1.4259
 1.4062
 1.3867
 1.3676
 1.3494
 1.3323
 1.3165
 1.3021
 1.2891
 1.2775
 1.2671
 1.2580
 1.2501
 1.2432
 1.2372
 1.2320
 1.2277
 1.2240
 1.2210
 1.2185
 1.2166
 1.2152
 1.2143
 1.2141
 1.2144
 1.2150
 1.2160
 1.2172
 1.2188
 1.2207
 1.2229
 1.2253
 1.2280
 1.2310
 1.2342
 1.2376
 1.2413
 1.2453
 1.2495
 1.2540
 1.2588
 1.2640
 1.2694
 1.2752
 1.2814
 1.2881
 1.2952
 1.3028
 1.3109
 1.3196
 1.3289
 1.3389
 1.3496
 1.3609
 1.3731
 1.3861
 1.4000
 1.4148
 1.4302
 1.4456
 1.4602
 1.4741
 1.4877
 1.5012
 1.5147
 1.5284
 1.5424
 1.5567
 1.5714
 1.5866
 1.6023
 1.6186
 1.6354
 1.6529
 1.6711
 1.6901
 1.7098
 1.7304
 1.7518
 1.7742
 1.7975
 1.8219
 1.8474
 1.8740
 1.9018
 1.9308
 1.9612
 1.9930
 2.0263
 2.0611
 2.0975
 2.1356
 2.1755
 2.2173
 2.2611
 2.3070
 2.3551
 2.4055
 2.4584
 2.5138
 2.5720
 2.6331
 2.6971
 2.7642
 2.8347
 2.9087
 2.9864
 3.0678
 3.1533
 3.2430
 3.3371
 3.4358
 3.5394
 3.6481
 3.7620
 3.8814
 4.0067
 4.1382
 4.2760
 4.4205
 4.5719
 4.7306
 4.8971
 5.0716
 5.2545
 5.4462
 5.6471
 5.8576
 6.0783
 6.3096
 6.5520
 6.8059
 7.0719
 7.3506
 7.6428
 7.9489
 8.2696
 8.6055
 8.9574
 9.3260
 9.7124
10.1171
10.5410
10.9850
11.4499
11.9371
